{"producer":{"name":"Blender","version":"3.5.1","exporter_version":"3.3.1","file":"bishop.babylon"},
"autoClear":true,"clearColor":[0.0509,0.0509,0.0509],"gravity":[0,-9.81,0],
"materials":[{"name":"WhiteCloth","id":"WhiteCloth","customType":"BABYLON.PBRMaterial","albedo":[1,1,1],"emissive":[0,0,0],"reflectivity":[0.2,0.2,0.2],"roughness":0.5,"metallic":0},
{"name":"Metal2","id":"Metal2","customType":"BABYLON.PBRMaterial","albedo":[0.6383,0.5348,0.0286],"emissive":[0,0,0],"reflectivity":[0.3135,0.3135,0.3135],"roughness":0.4734,"metallic":0.7462},
{"name":"Skin","id":"Skin","customType":"BABYLON.PBRMaterial","albedo":[0.8007,0.5135,0.3039],"emissive":[0,0,0],"reflectivity":[0.5,0.5,0.5],"roughness":0.5,"metallic":0},
{"name":"DarkMaterial","id":"DarkMaterial","customType":"BABYLON.PBRMaterial","albedo":[0.1601,0.1955,0.2266],"emissive":[0,0,0],"reflectivity":[0.5,0.5,0.5],"roughness":0.5,"metallic":0},
{"name":"Metal","id":"Metal","customType":"BABYLON.PBRMaterial","albedo":[0.686,0.6655,0.6655],"emissive":[0,0,0],"reflectivity":[0.3135,0.3135,0.3135],"roughness":0.614,"metallic":0.7358},
{"name":"Beard","id":"Beard","customType":"BABYLON.PBRMaterial","albedo":[0.4869,0.4869,0.4869],"emissive":[0,0,0],"reflectivity":[0.1198,0.1198,0.1198],"roughness":0.5,"metallic":0}],
"multiMaterials":[{"name":"bishop.Multimaterial#0","id":"bishop.Multimaterial#0","materials":["WhiteCloth","Metal2","Skin","DarkMaterial","Metal","Beard"]}],
"skeletons":[{"name":"BishopSkeleton","id":0,"dimensionsAtRest":[465.1021,522.9191,95.6853],"bones":[
{"name":"mixamorig:Hips","index":0,"matrix":[1,0,0,0,0,1,0,0,0,0,-1,0,-0.0002,220.4336,-1.6015,1],"rest":[1,0,0,0,0,1,0,0,0,0,-1,0,-0.1688,220.6268,-11.7811,1],"parentBoneIndex":-1,"length":31.4882
,"animation":
{"name":"anim","property":"_matrix","dataType":3,"framePerSecond":30,"loopBehavior":1,"keys":[
{"frame":1,"values":[0.8746,0.0038,0.4849,0,0.0183,0.999,-0.0407,0,0.4846,-0.0444,-0.8736,0,-0.0928,216.2275,-9.842,1]},
{"frame":2,"values":[0.8767,0.0018,0.481,0,0.0192,0.9991,-0.0386,0,0.4807,-0.043,-0.8759,0,-0.1306,216.0535,-9.0643,1]},
{"frame":3,"values":[0.8791,-0.0009,0.4766,0,0.021,0.9991,-0.0367,0,0.4761,-0.0423,-0.8784,0,-0.2855,215.8429,-8.4339,1]},
{"frame":4,"values":[0.8819,-0.0017,0.4714,0,0.0212,0.9991,-0.0362,0,0.4709,-0.0419,-0.8812,0,-0.6784,215.5407,-8.0776,1]},
{"frame":5,"values":[0.8818,0.001,0.4716,0,0.0201,0.999,-0.0397,0,0.4712,-0.0445,-0.8809,0,-1.3822,215.1306,-8.2119,1]},
{"frame":6,"values":[0.878,0.0082,0.4785,0,0.0193,0.9984,-0.0524,0,0.4782,-0.0553,-0.8765,0,-2.2907,214.664,-8.8765,1]},
{"frame":7,"values":[0.8744,0.0153,0.485,0,0.0185,0.9977,-0.065,0,0.4849,-0.0658,-0.8721,0,-3.3267,213.909,-10.4021,1]},
{"frame":8,"values":[0.8744,0.0211,0.4847,0,0.0204,0.9966,-0.0801,0,0.4848,-0.0799,-0.871,0,-4.5364,212.7061,-12.9318,1]},
{"frame":9,"values":[0.8884,0.0145,0.4589,0,0.0287,0.9958,-0.0869,0,0.4582,-0.0903,-0.8842,0,-5.9244,211.1493,-16.7003,1]},
{"frame":10,"values":[0.9258,-0.0098,0.378,0,0.0412,0.9963,-0.0751,0,0.3759,-0.0851,-0.9228,0,-7.5236,208.8479,-21.5637,1]},
{"frame":11,"values":[0.9664,-0.0374,0.2542,0,0.0566,0.996,-0.069,0,0.2506,-0.081,-0.9647,0,-9.7522,206.129,-27.1736,1]},
{"frame":12,"values":[0.9938,-0.0506,0.0987,0,0.0582,0.9954,-0.0761,0,0.0944,-0.0814,-0.9922,0,-11.2692,203.7801,-32.7198,1]},
{"frame":13,"values":[0.9962,-0.0528,-0.0696,0,0.0476,0.996,-0.0754,0,-0.0733,-0.0718,-0.9947,0,-12.6407,201.5887,-37.6849,1]},
{"frame":14,"values":[0.9759,-0.0432,-0.2139,0,0.0256,0.9961,-0.0843,0,-0.2167,-0.0768,-0.9732,0,-13.5087,200.2024,-42.4269,1]},
{"frame":15,"values":[0.9432,-0.0487,-0.3286,0,0.0135,0.994,-0.1084,0,-0.3319,-0.0978,-0.9382,0,-13.6004,198.8606,-48.0529,1]},
{"frame":16,"values":[0.8999,-0.0768,-0.4294,0,0.0118,0.9883,-0.152,0,-0.436,-0.1317,-0.8902,0,-12.8445,197.4283,-55.206,1]},
{"frame":17,"values":[0.8372,-0.1226,-0.533,0,0.0177,0.9801,-0.1975,0,-0.5466,-0.1559,-0.8228,0,-11.7018,195.8168,-64.0509,1]},
{"frame":18,"values":[0.7592,-0.1704,-0.6281,0,0.0444,0.9764,-0.2112,0,-0.6493,-0.1325,-0.7489,0,-10.4556,194.3625,-74.6455,1]},
{"frame":19,"values":[0.6814,-0.2028,-0.7033,0,0.0823,0.976,-0.2017,0,-0.7273,-0.0795,-0.6817,0,-8.8723,192.9149,-87.1223,1]},
{"frame":20,"values":[0.5918,-0.2474,-0.7672,0,0.0771,0.9648,-0.2516,0,-0.8024,-0.0897,-0.59,0,-5.5175,188.5135,-106.1051,1]},
{"frame":21,"values":[0.6352,-0.2507,-0.7306,0,0.016,0.9499,-0.3121,0,-0.7722,-0.1865,-0.6074,0,-1.7099,184.5909,-121.4379,1]},
{"frame":22,"values":[0.8135,-0.1873,-0.5506,0,-0.0684,0.9094,-0.4103,0,-0.5776,-0.3714,-0.7269,0,0.5312,183.9923,-132.7812,1]},
{"frame":23,"values":[0.9332,-0.1506,-0.3264,0,-0.042,0.8562,-0.5149,0,-0.357,-0.4942,-0.7927,0,-0.077,183.7061,-140.969,1]},
{"frame":24,"values":[0.9704,-0.1416,-0.1957,0,0.0111,0.8353,-0.5496,0,-0.2413,-0.5312,-0.8122,0,-0.3889,183.4535,-145.2182,1]},
{"frame":25,"values":[0.9849,-0.1381,-0.1043,0,0.0563,0.8257,-0.5614,0,-0.1637,-0.547,-0.821,0,-1.1074,182.6572,-148.5912,1]},
{"frame":26,"values":[0.9852,-0.1531,-0.077,0,0.082,0.8158,-0.5726,0,-0.1505,-0.5578,-0.8162,0,-1.9343,182.0237,-151.3586,1]},
{"frame":27,"values":[0.9802,-0.1755,-0.0916,0,0.0903,0.808,-0.5823,0,-0.1762,-0.5625,-0.8078,0,-2.7263,181.7335,-153.1907,1]},
{"frame":28,"values":[0.9742,-0.1952,-0.1132,0,0.0931,0.8046,-0.5865,0,-0.2056,-0.5608,-0.802,0,-3.6897,181.6013,-154.3098,1]},
{"frame":29,"values":[0.973,-0.2003,-0.1144,0,0.0972,0.8056,-0.5844,0,-0.2092,-0.5575,-0.8034,0,-4.5566,181.4008,-154.5846,1]},
{"frame":30,"values":[0.9732,-0.202,-0.1104,0,0.1033,0.8118,-0.5747,0,-0.2057,-0.5478,-0.8109,0,-5.6726,181.0995,-154.2031,1]},
{"frame":31,"values":[0.9719,-0.2066,-0.1125,0,0.1116,0.8258,-0.5528,0,-0.2071,-0.5247,-0.8257,0,-7.2442,180.7071,-153.0808,1]},
{"frame":32,"values":[0.9681,-0.2189,-0.1218,0,0.1255,0.8448,-0.5202,0,-0.2168,-0.4883,-0.8453,0,-9.1875,180.1272,-151.515,1]},
{"frame":33,"values":[0.9643,-0.2278,-0.1349,0,0.1364,0.8642,-0.4844,0,-0.2269,-0.4487,-0.8644,0,-11.4975,179.3898,-149.7033,1]},
{"frame":34,"values":[0.9614,-0.2281,-0.1542,0,0.1388,0.8852,-0.4441,0,-0.2378,-0.4055,-0.8826,0,-14.052,178.4398,-147.3705,1]},
{"frame":35,"values":[0.9583,-0.2174,-0.1855,0,0.1318,0.9121,-0.3882,0,-0.2536,-0.3476,-0.9027,0,-16.537,177.4167,-144.209,1]},
{"frame":36,"values":[0.9484,-0.2105,-0.2371,0,0.1263,0.9368,-0.3262,0,-0.2908,-0.2794,-0.9151,0,-19.0315,176.3826,-139.3888,1]},
{"frame":37,"values":[0.9335,-0.1972,-0.2997,0,0.1238,0.9611,-0.2467,0,-0.3367,-0.1932,-0.9216,0,-21.3802,176.5188,-132.0807,1]},
{"frame":38,"values":[0.9279,-0.1628,-0.3355,0,0.1109,0.9794,-0.1686,0,-0.3561,-0.1193,-0.9268,0,-23.2672,179.002,-123.1524,1]},
{"frame":39,"values":[0.9333,-0.124,-0.3371,0,0.092,0.9897,-0.1094,0,-0.3472,-0.0712,-0.9351,0,-24.5429,184.0854,-113.536,1]},
{"frame":40,"values":[0.9488,-0.0763,-0.3067,0,0.0519,0.9948,-0.0872,0,-0.3117,-0.0669,-0.9478,0,-25.0394,189.8969,-103.1445,1]},
{"frame":41,"values":[0.9691,-0.0359,-0.2442,0,0.016,0.9964,-0.0829,0,-0.2463,-0.0764,-0.9662,0,-24.4466,194.39,-93.7676,1]},
{"frame":42,"values":[0.9847,-0.0132,-0.1735,0,0.0018,0.9978,-0.0658,0,-0.174,-0.0644,-0.9826,0,-23.4396,198.0282,-84.4874,1]},
{"frame":43,"values":[0.9942,0.0037,-0.1077,0,-0.0098,0.9984,-0.0559,0,-0.1073,-0.0566,-0.9926,0,-22.444,201.4667,-76.0118,1]},
{"frame":44,"values":[0.9994,0.0111,-0.0322,0,-0.0129,0.9983,-0.0572,0,-0.0315,-0.0576,-0.9978,0,-21.6409,204.5098,-68.8305,1]},
{"frame":45,"values":[0.998,0.0197,0.0602,0,-0.0164,0.9984,-0.0542,0,0.0612,-0.0531,-0.9967,0,-20.6412,206.9257,-62.7835,1]},
{"frame":46,"values":[0.9863,0.0233,0.1635,0,-0.0147,0.9985,-0.0535,0,0.1645,-0.0503,-0.9851,0,-19.3081,208.5354,-57.1531,1]},
{"frame":47,"values":[0.9661,0.0219,0.2571,0,-0.0056,0.9979,-0.0639,0,0.258,-0.0603,-0.9643,0,-17.4611,209.4089,-51.6626,1]},
{"frame":48,"values":[0.9396,0.0262,0.3413,0,0.0018,0.9967,-0.0814,0,0.3423,-0.0771,-0.9364,0,-14.5231,210.0077,-45.949,1]},
{"frame":49,"values":[0.9117,0.0273,0.41,0,0.0125,0.9955,-0.094,0,0.4107,-0.0908,-0.9072,0,-11.1023,211.167,-40.2281,1]},
{"frame":50,"values":[0.8899,0.0234,0.4555,0,0.0225,0.9952,-0.0951,0,0.4555,-0.0949,-0.8851,0,-7.9452,212.271,-34.1087,1]},
{"frame":51,"values":[0.8694,0.0409,0.4923,0,0.0111,0.9947,-0.1023,0,0.4939,-0.0944,-0.8644,0,-5.5221,213.2184,-28.5346,1]},
{"frame":52,"values":[0.8469,0.0576,0.5286,0,-0.0016,0.9944,-0.1057,0,0.5317,-0.0887,-0.8423,0,-4.0715,214.0469,-24.0584,1]},
{"frame":53,"values":[0.839,0.0459,0.5422,0,0.0044,0.9958,-0.0912,0,0.5441,-0.0789,-0.8353,0,-2.5507,215.1167,-20.3289,1]},
{"frame":54,"values":[0.844,0.0264,0.5356,0,0.0139,0.9974,-0.0711,0,0.5361,-0.0675,-0.8414,0,-1.1195,215.967,-17.3363,1]},
{"frame":55,"values":[0.8527,0.0183,0.522,0,0.018,0.9978,-0.0643,0,0.522,-0.0643,-0.8505,0,-0.3059,216.4123,-15.2987,1]},
{"frame":56,"values":[0.8579,0.0114,0.5137,0,0.0224,0.998,-0.0596,0,0.5133,-0.0626,-0.8559,0,-0.001,216.5127,-13.6729,1]},
{"frame":57,"values":[0.8644,0.0054,0.5028,0,0.0227,0.9985,-0.0497,0,0.5023,-0.0544,-0.863,0,-0.0683,216.4382,-12.3167,1]},
{"frame":58,"values":[0.871,0.0047,0.4913,0,0.0196,0.9988,-0.0443,0,0.4909,-0.0482,-0.8699,0,-0.1041,216.3259,-10.9869,1]},
{"frame":59,"values":[0.8746,0.0038,0.4849,0,0.0183,0.999,-0.0407,0,0.4846,-0.0444,-0.8736,0,-0.0926,216.2275,-9.8419,1]},
{"frame":71,"values":[0.5761,0.0308,-0.8168,0,0.0713,0.9936,0.0878,0,-0.8143,0.1088,-0.5702,0,-3.6964,205.7917,-14.2907,1]},
{"frame":72,"values":[0.6091,0.0389,-0.7921,0,0.072,0.992,0.1041,0,-0.7898,0.1204,-0.6014,0,-4.7588,205.4541,-15.3373,1]},
{"frame":73,"values":[0.6688,0.0511,-0.7417,0,0.0754,0.9878,0.136,0,-0.7396,0.1469,-0.6568,0,-10.5512,204.5881,-18.813,1]},
{"frame":74,"values":[0.7383,0.0713,-0.6707,0,0.0867,0.9761,0.1992,0,-0.6689,0.2052,-0.7145,0,-18.9928,203.4095,-24.53,1]},
{"frame":75,"values":[0.7658,0.0941,-0.6361,0,0.0988,0.9602,0.2611,0,-0.6354,0.2629,-0.7261,0,-26.3325,202.331,-30.5678,1]},
{"frame":76,"values":[0.7501,0.1053,-0.6529,0,0.0896,0.962,0.2581,0,-0.6552,0.2521,-0.7121,0,-30.7941,201.5634,-36.0279,1]},
{"frame":77,"values":[0.7313,0.128,-0.6699,0,0.0653,0.9646,0.2556,0,-0.6789,0.2306,-0.697,0,-33.4285,201.1303,-40.1071,1]},
{"frame":78,"values":[0.7544,0.1202,-0.6453,0,0.0694,0.963,0.2605,0,-0.6527,0.2414,-0.7181,0,-34.1929,201.0927,-42.1272,1]},
{"frame":79,"values":[0.7878,0.1129,-0.6055,0,0.0691,0.9607,0.2689,0,-0.612,0.2537,-0.749,0,-33.7274,201.5722,-45.0325,1]},
{"frame":80,"values":[0.8039,0.1064,-0.5851,0,0.0652,0.9622,0.2645,0,-0.5911,0.2508,-0.7666,0,-33.3375,202.6367,-48.5665,1]},
{"frame":81,"values":[0.8088,0.095,-0.5804,0,0.063,0.9672,0.2461,0,-0.5847,0.2356,-0.7763,0,-32.7326,204.1316,-52.6487,1]},
{"frame":82,"values":[0.8041,0.0918,-0.5873,0,0.0578,0.9713,0.2309,0,-0.5916,0.2196,-0.7757,0,-31.6215,205.8766,-57.0159,1]},
{"frame":83,"values":[0.793,0.0852,-0.6032,0,0.0578,0.9752,0.2137,0,-0.6065,0.2043,-0.7684,0,-30.6651,207.7101,-61.5803,1]},
{"frame":84,"values":[0.7739,0.0812,-0.6281,0,0.0592,0.9781,0.1993,0,-0.6305,0.1914,-0.7522,0,-29.8443,209.4629,-66.1822,1]},
{"frame":85,"values":[0.7476,0.0835,-0.6588,0,0.059,0.9798,0.1911,0,-0.6615,0.1818,-0.7276,0,-29.2725,210.9665,-70.719,1]},
{"frame":86,"values":[0.7337,0.0798,-0.6747,0,0.0692,0.9792,0.191,0,-0.6759,0.1868,-0.7129,0,-28.8531,212.1285,-75.1346,1]},
{"frame":87,"values":[0.7257,0.0717,-0.6842,0,0.0839,0.9779,0.1914,0,-0.6829,0.1963,-0.7037,0,-28.5516,212.8088,-79.425,1]},
{"frame":88,"values":[0.7156,0.0688,-0.6951,0,0.0951,0.9763,0.1946,0,-0.692,0.2053,-0.6921,0,-28.3708,212.7617,-83.3624,1]},
{"frame":89,"values":[0.7062,0.0642,-0.7051,0,0.1098,0.9739,0.1987,0,-0.6994,0.2177,-0.6807,0,-28.1757,212.0431,-86.9044,1]},
{"frame":90,"values":[0.6966,0.0563,-0.7153,0,0.1272,0.9714,0.2004,0,-0.7061,0.2306,-0.6695,0,-27.8179,211.1578,-90.5544,1]},
{"frame":91,"values":[0.6869,0.0466,-0.7252,0,0.1448,0.9691,0.1995,0,-0.7121,0.2421,-0.659,0,-27.4127,210.1397,-94.3252,1]},
{"frame":92,"values":[0.6771,0.0336,-0.7352,0,0.1588,0.9688,0.1905,0,-0.7186,0.2457,-0.6506,0,-26.9642,209.073,-97.9017,1]},
{"frame":93,"values":[0.6688,0.0104,-0.7434,0,0.1776,0.9687,0.1733,0,-0.722,0.2479,-0.646,0,-26.0769,207.7479,-101.3465,1]},
{"frame":94,"values":[0.6558,-0.0209,-0.7546,0,0.206,0.9666,0.1522,0,-0.7263,0.2552,-0.6383,0,-24.7501,205.9296,-104.7584,1]},
{"frame":95,"values":[0.6305,-0.0561,-0.7742,0,0.2404,0.9624,0.126,0,-0.738,0.2656,-0.6203,0,-23.3767,203.9087,-108.7263,1]},
{"frame":96,"values":[0.5973,-0.0887,-0.7971,0,0.2651,0.9598,0.0918,0,-0.757,0.2661,-0.5968,0,-22.0499,200.737,-113.3333,1]},
{"frame":97,"values":[0.5581,-0.1204,-0.821,0,0.294,0.9539,0.0599,0,-0.7759,0.2748,-0.5678,0,-20.7746,196.5778,-118.921,1]},
{"frame":98,"values":[0.5081,-0.1545,-0.8473,0,0.3193,0.9475,0.0186,0,-0.7999,0.28,-0.5307,0,-19.4625,191.8418,-125.2881,1]},
{"frame":99,"values":[0.4621,-0.1931,-0.8656,0,0.3423,0.9392,-0.0268,0,-0.8181,0.2839,-0.5001,0,-17.9059,186.4385,-132.4398,1]},
{"frame":100,"values":[0.4206,-0.2305,-0.8775,0,0.3697,0.9268,-0.0662,0,-0.8285,0.2966,-0.475,0,-16.4602,180.1142,-140.886,1]},
{"frame":101,"values":[0.3796,-0.2742,-0.8836,0,0.3944,0.9119,-0.1135,0,-0.8369,0.3054,-0.4543,0,-14.5917,172.4954,-149.6471,1]},
{"frame":102,"values":[0.3429,-0.3185,-0.8837,0,0.4145,0.8955,-0.1619,0,-0.8429,0.3108,-0.4391,0,-12.1314,163.1002,-158.5779,1]},
{"frame":103,"values":[0.3182,-0.3707,-0.8726,0,0.4333,0.8755,-0.2139,0,-0.8432,0.31,-0.4392,0,-9.2784,151.4503,-168.6024,1]},
{"frame":104,"values":[0.3024,-0.431,-0.8502,0,0.4444,0.8528,-0.2743,0,-0.8433,0.2948,-0.4494,0,-5.8535,137.1204,-178.9148,1]},
{"frame":105,"values":[0.2857,-0.5,-0.8175,0,0.4618,0.8193,-0.3398,0,-0.8397,0.2804,-0.465,0,-1.932,119.6119,-189.2155,1]},
{"frame":106,"values":[0.2528,-0.5712,-0.7809,0,0.478,0.7755,-0.4125,0,-0.8412,0.269,-0.4691,0,3.0595,100.1292,-199.7786,1]},
{"frame":107,"values":[0.2132,-0.6423,-0.7362,0,0.4789,0.7255,-0.4943,0,-0.8516,0.2472,-0.4623,0,10.2788,78.294,-208.3604,1]},
{"frame":108,"values":[0.1043,-0.7305,-0.6748,0,0.4665,0.6352,-0.6155,0,-0.8784,0.2506,-0.4071,0,18.9594,56.6542,-214.7733,1]},
{"frame":109,"values":[-0.1345,-0.8279,-0.5445,0,0.5084,0.414,-0.7551,0,-0.8505,0.3784,-0.3653,0,27.5277,43.1229,-220.6001,1]},
{"frame":110,"values":[-0.3207,-0.8784,-0.3544,0,0.5303,0.1435,-0.8355,0,-0.7848,0.4559,-0.4198,0,33.72,40.1843,-227.5391,1]},
{"frame":111,"values":[-0.4183,-0.8728,-0.2515,0,0.4829,0.0208,-0.8755,0,-0.7693,0.4876,-0.4127,0,38.3408,43.6372,-235.1165,1]},
{"frame":112,"values":[-0.4682,-0.8555,-0.2211,0,0.4706,-0.0297,-0.8819,0,-0.7479,0.5169,-0.4165,0,45.3709,50.2821,-244.2206,1]},
{"frame":113,"values":[-0.4763,-0.8615,-0.1762,0,0.4948,-0.0969,-0.8636,0,-0.7269,0.4985,-0.4724,0,52.5842,56.3862,-253.8178,1]},
{"frame":114,"values":[-0.4637,-0.8792,-0.1095,0,0.4702,-0.1394,-0.8715,0,-0.7509,0.4556,-0.478,0,58.1541,60.3545,-262.9362,1]},
{"frame":115,"values":[-0.4596,-0.8863,-0.0573,0,0.4272,-0.1641,-0.8892,0,-0.7787,0.4331,-0.454,0,63.2534,63.2272,-270.5064,1]},
{"frame":116,"values":[-0.459,-0.8881,-0.0239,0,0.3995,-0.1823,-0.8984,0,-0.7935,0.422,-0.4385,0,67.1743,64.8876,-276.136,1]},
{"frame":117,"values":[-0.4651,-0.8852,0.0014,0,0.3966,-0.2098,-0.8937,0,-0.7914,0.4152,-0.4487,0,69.7413,64.823,-279.9777,1]},
{"frame":118,"values":[-0.4732,-0.8809,0.0105,0,0.4029,-0.227,-0.8866,0,-0.7834,0.4153,-0.4623,0,70.6044,63.542,-282.6648,1]},
{"frame":119,"values":[-0.4766,-0.8791,0.0101,0,0.4184,-0.2369,-0.8768,0,-0.7732,0.4137,-0.4807,0,69.9413,61.8653,-284.1587,1]},
{"frame":120,"values":[-0.4614,-0.8872,0.004,0,0.4493,-0.2375,-0.8613,0,-0.7651,0.3956,-0.5082,0,68.0914,60.0723,-284.3461,1]},
{"frame":121,"values":[-0.44,-0.898,-0.0017,0,0.484,-0.2356,-0.8428,0,-0.7564,0.3717,-0.5383,0,66.001,59.3016,-283.7016,1]},
{"frame":122,"values":[-0.4157,-0.9095,-0.0038,0,0.5173,-0.233,-0.8235,0,-0.7481,0.3443,-0.5673,0,63.5712,60.2923,-282.5073,1]},
{"frame":123,"values":[-0.3854,-0.9228,-0.001,0,0.5466,-0.2274,-0.8059,0,-0.7434,0.3112,-0.592,0,61.3366,60.3801,-281.7526,1]},
{"frame":124,"values":[-0.3521,-0.936,0.0021,0,0.5748,-0.218,-0.7887,0,-0.7387,0.2765,-0.6147,0,58.8806,60.1894,-281.5246,1]},
{"frame":125,"values":[-0.3162,-0.9487,0.007,0,0.6028,-0.2066,-0.7707,0,-0.7326,0.2394,-0.6371,0,56.1657,60.2192,-281.1659,1]},
{"frame":126,"values":[-0.2787,-0.9603,0.0105,0,0.6281,-0.1905,-0.7544,0,-0.7265,0.2037,-0.6563,0,53.0753,60.352,-280.5376,1]},
{"frame":127,"values":[-0.2248,-0.9743,0.0121,0,0.6445,-0.158,-0.7481,0,-0.7308,0.1603,-0.6635,0,49.5386,59.9955,-280.0098,1]},
{"frame":128,"values":[-0.1529,-0.9882,0.0086,0,0.6463,-0.1066,-0.7556,0,-0.7476,0.11,-0.655,0,45.4966,58.9503,-279.7262,1]},
{"frame":129,"values":[-0.0662,-0.9978,-0.0095,0,0.6366,-0.0349,-0.7704,0,-0.7684,0.057,-0.6375,0,41.5513,57.2522,-279.219,1]},
{"frame":130,"values":[0.0146,-0.9991,-0.0395,0,0.6218,0.04,-0.7821,0,-0.783,0.0131,-0.6219,0,37.3247,54.8322,-278.0536,1]},
{"frame":131,"values":[0.0699,-0.9953,-0.0668,0,0.6054,0.0956,-0.7901,0,-0.7928,-0.0148,-0.6093,0,33.5097,51.8509,-276.2677,1]},
{"frame":132,"values":[0.0987,-0.991,-0.0899,0,0.5911,0.1311,-0.7959,0,-0.8005,-0.0254,-0.5988,0,33.12,51.0408,-275.1431,1]},
{"frame":133,"values":[0.0626,-0.9938,-0.0916,0,0.5829,0.1109,-0.8049,0,-0.8101,0.003,-0.5863,0,34.9652,50.8937,-274.6206,1]},
{"frame":134,"values":[0.0064,-0.9961,-0.0882,0,0.5811,0.0755,-0.8103,0,-0.8138,0.0461,-0.5793,0,36.7895,51.4846,-273.6658,1]},
{"frame":135,"values":[-0.0449,-0.9952,-0.0874,0,0.5815,0.0451,-0.8123,0,-0.8123,0.0873,-0.5766,0,37.4129,51.3436,-273.3564,1]},
{"frame":136,"values":[-0.0785,-0.9927,-0.092,0,0.587,0.0286,-0.8091,0,-0.8057,0.1175,-0.5805,0,37.4162,50.7976,-273.1357,1]},
{"frame":137,"values":[-0.0912,-0.9906,-0.1018,0,0.5978,0.0273,-0.8012,0,-0.7964,0.1339,-0.5897,0,37.1708,50.0521,-272.8982,1]},
{"frame":138,"values":[-0.0978,-0.9892,-0.1094,0,0.6028,0.0286,-0.7974,0,-0.7919,0.1439,-0.5935,0,36.8902,49.1475,-272.8697,1]},
{"frame":139,"values":[-0.1003,-0.9884,-0.1144,0,0.6037,0.031,-0.7966,0,-0.7909,0.1489,-0.5935,0,37.1895,48.463,-273.1511,1]},
{"frame":140,"values":[-0.1023,-0.9878,-0.1177,0,0.6028,0.0325,-0.7972,0,-0.7913,0.1525,-0.5921,0,36.8109,47.9318,-273.0701,1]},
{"frame":141,"values":[-0.105,-0.9871,-0.1205,0,0.6016,0.0334,-0.7981,0,-0.7919,0.1563,-0.5903,0,36.1364,47.6704,-272.6432,1]},
{"frame":142,"values":[-0.1072,-0.9866,-0.1232,0,0.5997,0.0347,-0.7995,0,-0.793,0.1596,-0.5879,0,35.9795,47.7239,-272.4315,1]},
{"frame":143,"values":[-0.1039,-0.9872,-0.1214,0,0.5977,0.0356,-0.8009,0,-0.795,0.1557,-0.5863,0,35.817,47.7819,-272.4118,1]},
{"frame":151,"values":[0.9981,-0.0134,-0.0597,0,0.0294,0.9609,0.2753,0,-0.0537,0.2765,-0.9595,0,-0.7927,209.831,-12.7064,1]},
{"frame":152,"values":[0.9981,-0.0133,-0.0601,0,0.0297,0.9589,0.2821,0,-0.0539,0.2833,-0.9575,0,-0.8853,209.7359,-13.2894,1]},
{"frame":153,"values":[0.9982,-0.0131,-0.0593,0,0.0297,0.9566,0.2898,0,-0.053,0.2911,-0.9552,0,-0.9856,209.6739,-13.839,1]},
{"frame":154,"values":[0.9983,-0.0126,-0.057,0,0.029,0.954,0.2985,0,-0.0506,0.2997,-0.9527,0,-1.088,209.6366,-14.3264,1]},
{"frame":155,"values":[0.9985,-0.0114,-0.0529,0,0.0272,0.9511,0.3078,0,-0.0468,0.3088,-0.95,0,-1.1869,209.6094,-14.7265,1]},
{"frame":156,"values":[0.9988,-0.0096,-0.048,0,0.0243,0.9481,0.317,0,-0.0425,0.3178,-0.9472,0,-1.2817,209.5851,-15.0314,1]},
{"frame":157,"values":[0.999,-0.0073,-0.044,0,0.0213,0.9452,0.3257,0,-0.0392,0.3264,-0.9444,0,-1.3747,209.5707,-15.2436,1]},
{"frame":158,"values":[0.9991,-0.0051,-0.0415,0,0.0187,0.9424,0.334,0,-0.0374,0.3345,-0.9416,0,-1.4657,209.5712,-15.3623,1]},
{"frame":159,"values":[0.9992,-0.0031,-0.0397,0,0.0165,0.9395,0.3422,0,-0.0362,0.3426,-0.9388,0,-1.5535,209.5722,-15.3866,1]},
{"frame":160,"values":[0.9993,-0.0014,-0.0374,0,0.0145,0.9362,0.3513,0,-0.0346,0.3516,-0.9355,0,-1.6397,209.539,-15.3368,1]},
{"frame":161,"values":[0.9994,0.0004,-0.0354,0,0.0125,0.9319,0.3625,0,-0.0331,0.3627,-0.9313,0,-1.7261,209.4274,-15.2542,1]},
{"frame":162,"values":[0.9994,0.002,-0.0357,0,0.0116,0.9265,0.3762,0,-0.0338,0.3763,-0.9259,0,-1.8115,209.1989,-15.16,1]},
{"frame":163,"values":[0.9992,0.0025,-0.0398,0,0.0133,0.9204,0.3909,0,-0.0376,0.3911,-0.9196,0,-1.9046,208.8481,-15.0193,1]},
{"frame":164,"values":[0.9989,0.001,-0.0476,0,0.0183,0.9147,0.4037,0,-0.0439,0.4041,-0.9137,0,-2.0265,208.4155,-14.7888,1]},
{"frame":165,"values":[0.9983,-0.0022,-0.0577,0,0.0258,0.9113,0.4109,0,-0.0517,0.4117,-0.9098,0,-2.1746,207.9667,-14.5186,1]},
{"frame":166,"values":[0.9976,-0.0057,-0.0688,0,0.0334,0.9117,0.4094,0,-0.0604,0.4107,-0.9098,0,-2.3017,207.5545,-14.3627,1]},
{"frame":167,"values":[0.9968,-0.0073,-0.0797,0,0.0385,0.9166,0.3979,0,-0.0702,0.3997,-0.914,0,-2.3658,207.1884,-14.4389,1]},
{"frame":168,"values":[0.996,-0.0062,-0.0895,0,0.0398,0.9247,0.3786,0,-0.0804,0.3806,-0.9212,0,-2.3688,206.7799,-14.6922,1]},
{"frame":169,"values":[0.9953,-0.0042,-0.0968,0,0.0386,0.9335,0.3565,0,-0.0889,0.3585,-0.9293,0,-2.3065,206.1286,-14.9499,1]},
{"frame":170,"values":[0.995,-0.0035,-0.1003,0,0.0373,0.9407,0.3372,0,-0.0931,0.3392,-0.9361,0,-2.15,205.0826,-15.0831,1]},
{"frame":171,"values":[0.995,-0.0053,-0.0996,0,0.0375,0.9454,0.3236,0,-0.0925,0.3257,-0.9409,0,-1.8967,203.6807,-15.0658,1]},
{"frame":172,"values":[0.9954,-0.0088,-0.0957,0,0.0387,0.9484,0.3147,0,-0.0879,0.317,-0.9443,0,-1.5969,202.1143,-14.9245,1]},
{"frame":173,"values":[0.996,-0.0122,-0.0889,0,0.039,0.9511,0.3064,0,-0.0809,0.3086,-0.9477,0,-1.3248,200.6155,-14.6836,1]},
{"frame":174,"values":[0.9968,-0.0139,-0.0792,0,0.0367,0.9551,0.2939,0,-0.0716,0.2959,-0.9525,0,-1.1268,199.381,-14.3601,1]},
{"frame":175,"values":[0.9976,-0.0139,-0.0673,0,0.032,0.9606,0.2759,0,-0.0608,0.2774,-0.9588,0,-0.9925,198.5412,-13.9903,1]},
{"frame":176,"values":[0.9983,-0.013,-0.0564,0,0.027,0.9662,0.2562,0,-0.0511,0.2573,-0.965,0,-0.8684,198.1226,-13.6346,1]},
{"frame":177,"values":[0.9986,-0.0129,-0.0507,0,0.0248,0.97,0.2417,0,-0.046,0.2427,-0.969,0,-0.7051,198.0179,-13.3405,1]},
{"frame":178,"values":[0.9986,-0.0146,-0.0514,0,0.0265,0.971,0.2377,0,-0.0465,0.2388,-0.97,0,-0.4825,198.0516,-13.1097,1]},
{"frame":179,"values":[0.9983,-0.0172,-0.0555,0,0.0303,0.9692,0.2444,0,-0.0496,0.2456,-0.9681,0,-0.1998,198.1241,-12.9035,1]},
{"frame":180,"values":[0.9981,-0.0186,-0.0585,0,0.0331,0.9657,0.2575,0,-0.0517,0.259,-0.9645,0,0.1255,198.2782,-12.6763,1]},
{"frame":181,"values":[0.9981,-0.0179,-0.0581,0,0.0331,0.9616,0.2726,0,-0.051,0.274,-0.9604,0,0.4524,198.6081,-12.3992,1]},
{"frame":182,"values":[0.9983,-0.0161,-0.0554,0,0.0314,0.9574,0.287,0,-0.0485,0.2883,-0.9563,0,0.7416,199.1393,-12.0627,1]},
{"frame":183,"values":[0.9985,-0.0148,-0.0523,0,0.0298,0.9533,0.3006,0,-0.0454,0.3018,-0.9523,0,0.9897,199.8206,-11.6864,1]},
{"frame":184,"values":[0.9987,-0.0143,-0.0497,0,0.0292,0.949,0.3139,0,-0.0426,0.3149,-0.9482,0,1.2296,200.6043,-11.3408,1]},
{"frame":185,"values":[0.9988,-0.0135,-0.0474,0,0.0283,0.9446,0.327,0,-0.0404,0.328,-0.9438,0,1.4961,201.484,-11.1302,1]},
{"frame":186,"values":[0.9989,-0.0114,-0.0454,0,0.0262,0.9402,0.3397,0,-0.0388,0.3406,-0.9394,0,1.7927,202.4561,-11.122,1]},
{"frame":187,"values":[0.999,-0.0078,-0.0434,0,0.0226,0.9357,0.352,0,-0.0379,0.3526,-0.935,0,2.093,203.4802,-11.3004,1]},
{"frame":188,"values":[0.9991,-0.0036,-0.0416,0,0.0185,0.9313,0.3638,0,-0.0375,0.3642,-0.9306,0,2.3617,204.4923,-11.6009,1]},
{"frame":189,"values":[0.9992,0.0003,-0.0401,0,0.0148,0.9271,0.3745,0,-0.0373,0.3748,-0.9264,0,2.5656,205.4412,-11.9659,1]},
{"frame":190,"values":[0.9992,0.0033,-0.0389,0,0.0119,0.9238,0.3827,0,-0.0372,0.3829,-0.923,0,2.6728,206.3027,-12.3613,1]},
{"frame":191,"values":[0.9993,0.0052,-0.0382,0,0.01,0.9219,0.3874,0,-0.0372,0.3875,-0.9211,0,2.6632,207.07,-12.7642,1]},
{"frame":192,"values":[0.9993,0.0061,-0.0379,0,0.0092,0.9214,0.3886,0,-0.0373,0.3886,-0.9206,0,2.5472,207.7455,-13.1583,1]},
{"frame":193,"values":[0.9993,0.0057,-0.0381,0,0.0095,0.9219,0.3873,0,-0.0373,0.3874,-0.9212,0,2.3636,208.3361,-13.5336,1]},
{"frame":194,"values":[0.9992,0.0043,-0.0386,0,0.0108,0.9232,0.3842,0,-0.0373,0.3843,-0.9224,0,2.1569,208.8536,-13.8761,1]},
{"frame":195,"values":[0.9992,0.0023,-0.0391,0,0.0127,0.9252,0.3793,0,-0.0371,0.3795,-0.9244,0,1.9564,209.311,-14.1555,1]},
{"frame":196,"values":[0.9992,0.0004,-0.0393,0,0.0142,0.9278,0.3728,0,-0.0366,0.373,-0.9271,0,1.7703,209.7192,-14.3328,1]},
{"frame":197,"values":[0.9993,-0.0005,-0.0386,0,0.0146,0.9308,0.3652,0,-0.0357,0.3655,-0.9301,0,1.5929,210.0835,-14.3857,1]},
{"frame":198,"values":[0.9993,-0.0004,-0.0366,0,0.0135,0.9338,0.3575,0,-0.0341,0.3578,-0.9332,0,1.415,210.403,-14.3277,1]},
{"frame":199,"values":[0.9994,0.0004,-0.0333,0,0.0113,0.9366,0.3501,0,-0.0313,0.3503,-0.9361,0,1.2305,210.6756,-14.2018,1]},
{"frame":200,"values":[0.9996,0.0012,-0.029,0,0.0088,0.9394,0.3427,0,-0.0277,0.3428,-0.939,0,1.0385,210.9105,-14.0504,1]},
{"frame":201,"values":[0.9997,0.0018,-0.0245,0,0.0065,0.9422,0.335,0,-0.0237,0.335,-0.9419,0,0.8386,211.1269,-13.8903,1]},
{"frame":202,"values":[0.9998,0.0021,-0.0204,0,0.0047,0.9448,0.3275,0,-0.02,0.3275,-0.9446,0,0.627,211.336,-13.7167,1]},
{"frame":203,"values":[0.9998,0.0021,-0.0175,0,0.0036,0.9471,0.3209,0,-0.0172,0.3209,-0.9469,0,0.3991,211.5303,-13.533,1]},
{"frame":204,"values":[0.9999,0.0017,-0.0156,0,0.0033,0.9488,0.3158,0,-0.0154,0.3158,-0.9487,0,0.1552,211.6948,-13.3718,1]},
{"frame":205,"values":[0.9999,0.001,-0.0147,0,0.0036,0.9501,0.3121,0,-0.0143,0.3121,-0.9499,0,-0.0997,211.8218,-13.281,1]},
{"frame":206,"values":[0.9999,0,-0.0147,0,0.0045,0.9509,0.3094,0,-0.014,0.3094,-0.9508,0,-0.3631,211.91,-13.2936,1]},
{"frame":207,"values":[0.9999,-0.0012,-0.016,0,0.006,0.9514,0.3078,0,-0.0148,0.3078,-0.9513,0,-0.6355,211.9589,-13.4131,1]},
{"frame":208,"values":[0.9998,-0.0023,-0.0185,0,0.0078,0.9515,0.3076,0,-0.0169,0.3077,-0.9513,0,-0.9142,211.9695,-13.6222,1]},
{"frame":209,"values":[0.9998,-0.0032,-0.0219,0,0.0098,0.951,0.309,0,-0.0199,0.3091,-0.9508,0,-1.1917,211.953,-13.8965,1]},
{"frame":210,"values":[0.9997,-0.0043,-0.0259,0,0.0122,0.95,0.3121,0,-0.0233,0.3123,-0.9497,0,-1.4632,211.929,-14.2089,1]},
{"frame":211,"values":[0.9995,-0.0065,-0.0306,0,0.0159,0.9483,0.317,0,-0.027,0.3173,-0.9479,0,-1.7266,211.9126,-14.5319,1]},
{"frame":212,"values":[0.9993,-0.0101,-0.0364,0,0.0214,0.9458,0.324,0,-0.0311,0.3246,-0.9453,0,-1.9697,211.899,-14.8435,1]},
{"frame":213,"values":[0.999,-0.0145,-0.0431,0,0.0281,0.9424,0.3332,0,-0.0357,0.3341,-0.9419,0,-2.1666,211.8584,-15.1362,1]},
{"frame":214,"values":[0.9986,-0.0184,-0.05,0,0.0345,0.9384,0.3439,0,-0.0405,0.3451,-0.9377,0,-2.2908,211.7531,-15.4217,1]},
{"frame":215,"values":[0.9982,-0.0208,-0.0564,0,0.0395,0.9341,0.3547,0,-0.0453,0.3563,-0.9333,0,-2.3339,211.5662,-15.7225,1]},
{"frame":216,"values":[0.9978,-0.0215,-0.0623,0,0.0428,0.93,0.365,0,-0.05,0.3669,-0.9289,0,-2.3095,211.3199,-16.0521,1]},
{"frame":217,"values":[0.9975,-0.0212,-0.0676,0,0.0451,0.926,0.3749,0,-0.0547,0.377,-0.9246,0,-2.2407,211.0634,-16.4015,1]},
{"frame":218,"values":[0.9971,-0.0204,-0.0728,0,0.047,0.9218,0.3848,0,-0.0592,0.3872,-0.9201,0,-2.1443,210.8396,-16.7467,1]},
{"frame":219,"values":[0.9968,-0.0198,-0.0776,0,0.049,0.9174,0.3949,0,-0.0633,0.3975,-0.9154,0,-2.0288,210.6604,-17.0736,1]},
{"frame":220,"values":[0.9964,-0.0198,-0.082,0,0.0515,0.9132,0.4043,0,-0.0669,0.4071,-0.9109,0,-1.902,210.506,-17.3909,1]},
{"frame":221,"values":[0.9961,-0.0207,-0.0863,0,0.0546,0.9095,0.412,0,-0.07,0.4151,-0.9071,0,-1.7705,210.3441,-17.7117,1]},
{"frame":222,"values":[0.9957,-0.0222,-0.0904,0,0.0582,0.9066,0.418,0,-0.0727,0.4215,-0.9039,0,-1.6388,210.1536,-18.0343,1]},
{"frame":223,"values":[0.9953,-0.0238,-0.0943,0,0.0617,0.9042,0.4227,0,-0.0753,0.4265,-0.9013,0,-1.5121,209.9323,-18.3511,1]},
{"frame":224,"values":[0.9949,-0.0248,-0.098,0,0.0645,0.9023,0.4262,0,-0.0779,0.4303,-0.8993,0,-1.3945,209.6895,-18.6701,1]},
{"frame":225,"values":[0.9946,-0.0248,-0.1012,0,0.0661,0.9012,0.4283,0,-0.0806,0.4326,-0.898,0,-1.2849,209.4334,-19.0109,1]},
{"frame":226,"values":[0.9943,-0.0239,-0.1038,0,0.0664,0.9009,0.4289,0,-0.0833,0.4333,-0.8974,0,-1.1767,209.1753,-19.3745,1]},
{"frame":227,"values":[0.9941,-0.0224,-0.1058,0,0.0659,0.9012,0.4284,0,-0.0858,0.4329,-0.8974,0,-1.0587,208.9396,-19.7248,1]},
{"frame":228,"values":[0.994,-0.021,-0.1076,0,0.0653,0.9017,0.4274,0,-0.088,0.4319,-0.8976,0,-0.9198,208.7634,-20.0101,1]},
{"frame":229,"values":[0.9938,-0.0199,-0.1092,0,0.0649,0.9023,0.4262,0,-0.0901,0.4307,-0.898,0,-0.7556,208.6767,-20.2008,1]},
{"frame":230,"values":[0.9937,-0.0188,-0.1107,0,0.0644,0.903,0.4248,0,-0.092,0.4292,-0.8985,0,-0.5716,208.6853,-20.3026,1]},
{"frame":231,"values":[0.9936,-0.0172,-0.1118,0,0.0632,0.9039,0.4231,0,-0.0938,0.4274,-0.8992,0,-0.3809,208.7733,-20.3398,1]},
{"frame":232,"values":[0.9936,-0.0148,-0.1121,0,0.061,0.9051,0.4209,0,-0.0952,0.425,-0.9002,0,-0.1999,208.9226,-20.3343,1]},
{"frame":233,"values":[0.9937,-0.0121,-0.1117,0,0.0581,0.9065,0.4182,0,-0.0962,0.4221,-0.9014,0,-0.0392,209.1296,-20.2982,1]},
{"frame":234,"values":[0.9938,-0.0099,-0.1109,0,0.0553,0.9081,0.415,0,-0.0966,0.4185,-0.903,0,0.1041,209.4085,-20.2419,1]},
{"frame":235,"values":[0.9939,-0.0085,-0.1098,0,0.0532,0.9101,0.411,0,-0.0965,0.4144,-0.905,0,0.2451,209.7776,-20.1818,1]},
{"frame":236,"values":[0.9941,-0.0075,-0.1084,0,0.0512,0.9124,0.4061,0,-0.0958,0.4092,-0.9074,0,0.3934,210.2339,-20.136,1]},
{"frame":237,"values":[0.9943,-0.0063,-0.1063,0,0.0485,0.9152,0.4001,0,-0.0948,0.403,-0.9103,0,0.5384,210.7343,-20.1127,1]},
{"frame":238,"values":[0.9946,-0.0045,-0.1036,0,0.0451,0.9184,0.3931,0,-0.0934,0.3956,-0.9136,0,0.6514,211.2049,-20.1044,1]},
{"frame":239,"values":[0.9949,-0.0026,-0.1007,0,0.0415,0.9218,0.3854,0,-0.0918,0.3876,-0.9172,0,0.7016,211.5789,-20.0932,1]},
{"frame":240,"values":[0.9952,-0.0016,-0.0981,0,0.0387,0.9253,0.3773,0,-0.0902,0.3792,-0.9209,0,0.6771,211.8335,-20.0623,1]},
{"frame":241,"values":[0.9954,-0.0015,-0.0959,0,0.037,0.9287,0.3689,0,-0.0885,0.3708,-0.9245,0,0.5934,211.9918,-20.0046,1]},
{"frame":242,"values":[0.9956,-0.0021,-0.094,0,0.036,0.9321,0.3603,0,-0.0868,0.3621,-0.9281,0,0.4766,212.0965,-19.9228,1]},
{"frame":243,"values":[0.9957,-0.0031,-0.0923,0,0.0355,0.9355,0.3516,0,-0.0852,0.3534,-0.9316,0,0.3401,212.1819,-19.822,1]},
{"frame":244,"values":[0.9959,-0.0042,-0.0906,0,0.0351,0.9387,0.3429,0,-0.0836,0.3447,-0.935,0,0.1885,212.2649,-19.7033,1]},
{"frame":245,"values":[0.996,-0.0054,-0.089,0,0.035,0.9418,0.3344,0,-0.082,0.3362,-0.9382,0,0.0382,212.3523,-19.5621,1]},
{"frame":246,"values":[0.9961,-0.0069,-0.0875,0,0.0352,0.9447,0.3262,0,-0.0804,0.328,-0.9412,0,-0.0844,212.4531,-19.3937,1]},
{"frame":247,"values":[0.9963,-0.0083,-0.086,0,0.0354,0.9473,0.3185,0,-0.0788,0.3203,-0.944,0,-0.1636,212.5791,-19.1957,1]},
{"frame":248,"values":[0.9964,-0.0097,-0.0845,0,0.0356,0.9496,0.3114,0,-0.0772,0.3133,-0.9465,0,-0.202,212.7353,-18.9654,1]},
{"frame":249,"values":[0.9965,-0.0109,-0.0829,0,0.0358,0.9517,0.305,0,-0.0756,0.3069,-0.9487,0,-0.2165,212.9111,-18.6976,1]},
{"frame":250,"values":[0.9966,-0.0119,-0.0813,0,0.0358,0.9534,0.2996,0,-0.0739,0.3015,-0.9506,0,-0.231,213.0802,-18.3881,1]},
{"frame":251,"values":[0.9968,-0.0125,-0.0795,0,0.0356,0.9547,0.2953,0,-0.0722,0.2972,-0.9521,0,-0.265,213.208,-18.0401,1]},
{"frame":252,"values":[0.9969,-0.013,-0.0777,0,0.0352,0.9557,0.2922,0,-0.0705,0.294,-0.9532,0,-0.3237,213.2631,-17.6654,1]},
{"frame":253,"values":[0.997,-0.0133,-0.0759,0,0.0348,0.9563,0.2902,0,-0.0688,0.292,-0.9539,0,-0.4018,213.2321,-17.2781,1]},
{"frame":254,"values":[0.9972,-0.0135,-0.0741,0,0.0345,0.9566,0.2894,0,-0.067,0.2911,-0.9543,0,-0.4947,213.1336,-16.8862,1]},
{"frame":255,"values":[0.9973,-0.0138,-0.0723,0,0.0342,0.9566,0.2894,0,-0.0652,0.2911,-0.9545,0,-0.609,213.0103,-16.4884,1]},
{"frame":256,"values":[0.9974,-0.0139,-0.0705,0,0.0339,0.9564,0.2902,0,-0.0633,0.2919,-0.9544,0,-0.7581,212.8987,-16.0791,1]},
{"frame":257,"values":[0.9975,-0.0141,-0.0687,0,0.0336,0.9559,0.2916,0,-0.0615,0.2932,-0.9541,0,-0.9439,212.8097,-15.6551,1]},
{"frame":258,"values":[0.9977,-0.0141,-0.0668,0,0.0332,0.9554,0.2934,0,-0.0597,0.295,-0.9536,0,-1.1476,212.7363,-15.2189,1]},
{"frame":259,"values":[0.9978,-0.014,-0.065,0,0.0327,0.9548,0.2956,0,-0.0579,0.297,-0.9531,0,-1.3448,212.6672,-14.7706,1]},
{"frame":260,"values":[0.9979,-0.0139,-0.0631,0,0.0321,0.9541,0.2978,0,-0.0561,0.2992,-0.9525,0,-1.5254,212.5968,-14.297,1]},
{"frame":261,"values":[0.998,-0.0136,-0.0613,0,0.0314,0.9534,0.3,0,-0.0544,0.3014,-0.952,0,-1.693,212.5281,-13.7707,1]},
{"frame":262,"values":[0.9981,-0.0132,-0.0594,0,0.0306,0.9528,0.3021,0,-0.0526,0.3033,-0.9514,0,-1.8483,212.4706,-13.1696,1]},
{"frame":263,"values":[0.9983,-0.0126,-0.0575,0,0.0295,0.9523,0.3038,0,-0.051,0.305,-0.951,0,-1.9836,212.4323,-12.5061,1]},
{"frame":264,"values":[0.9984,-0.0116,-0.0556,0,0.028,0.9519,0.3051,0,-0.0493,0.3062,-0.9507,0,-2.0922,212.4099,-11.8358,1]},
{"frame":265,"values":[0.9985,-0.0104,-0.0536,0,0.0263,0.9518,0.3055,0,-0.0479,0.3065,-0.9507,0,-2.1768,212.3863,-11.2321,1]},
{"frame":266,"values":[0.9986,-0.0094,-0.052,0,0.0248,0.9521,0.3048,0,-0.0466,0.3057,-0.951,0,-2.2441,212.3428,-10.7439,1]},
{"frame":267,"values":[0.9987,-0.009,-0.0508,0,0.024,0.9527,0.303,0,-0.0457,0.3039,-0.9516,0,-2.2994,212.2788,-10.377,1]},
{"frame":268,"values":[0.9987,-0.0092,-0.0503,0,0.024,0.9534,0.3007,0,-0.0451,0.3015,-0.9524,0,-2.3484,212.2166,-10.1097,1]},
{"frame":269,"values":[0.9987,-0.0099,-0.0504,0,0.0245,0.9541,0.2985,0,-0.0451,0.2993,-0.9531,0,-2.3965,212.179,-9.9187,1]},
{"frame":270,"values":[0.9986,-0.0105,-0.0511,0,0.0252,0.9546,0.2967,0,-0.0456,0.2976,-0.9536,0,-2.446,212.1633,-9.7884,1]},
{"frame":271,"values":[0.9986,-0.0111,-0.0522,0,0.0261,0.955,0.2956,0,-0.0466,0.2965,-0.9539,0,-2.4954,212.1487,-9.7076,1]},
{"frame":272,"values":[0.9985,-0.0117,-0.0536,0,0.027,0.9551,0.2949,0,-0.0477,0.2959,-0.954,0,-2.5399,212.1234,-9.6658,1]},
{"frame":273,"values":[0.9984,-0.0122,-0.0548,0,0.0278,0.9552,0.2948,0,-0.0488,0.2958,-0.954,0,-2.5745,212.0897,-9.6545,1]},
{"frame":274,"values":[0.9984,-0.0126,-0.056,0,0.0286,0.9551,0.295,0,-0.0498,0.2962,-0.9538,0,-2.5985,212.0461,-9.6677,1]},
{"frame":275,"values":[0.9983,-0.0128,-0.0569,0,0.0291,0.9549,0.2956,0,-0.0505,0.2967,-0.9536,0,-2.6146,211.9818,-9.6996,1]},
{"frame":276,"values":[0.9983,-0.013,-0.0573,0,0.0295,0.9547,0.2961,0,-0.0509,0.2972,-0.9534,0,-2.6235,211.8973,-9.748,1]},
{"frame":277,"values":[0.9983,-0.0132,-0.0574,0,0.0297,0.9546,0.2963,0,-0.0509,0.2974,-0.9534,0,-2.622,211.8153,-9.8199,1]},
{"frame":278,"values":[0.9982,-0.0133,-0.0578,0,0.0299,0.9548,0.2958,0,-0.0512,0.297,-0.9535,0,-2.6057,211.7659,-9.9284,1]},
{"frame":279,"values":[0.9982,-0.0136,-0.0589,0,0.0304,0.9552,0.2945,0,-0.0522,0.2957,-0.9539,0,-2.572,211.7626,-10.0787,1]},
{"frame":280,"values":[0.9981,-0.014,-0.0608,0,0.0312,0.9559,0.292,0,-0.054,0.2933,-0.9545,0,-2.5191,211.7921,-10.2578,1]},
{"frame":281,"values":[0.9979,-0.0143,-0.0628,0,0.0318,0.9569,0.2887,0,-0.0559,0.2901,-0.9554,0,-2.4435,211.822,-10.4441,1]},
{"frame":282,"values":[0.9978,-0.0143,-0.064,0,0.032,0.958,0.285,0,-0.0572,0.2864,-0.9564,0,-2.3442,211.8229,-10.6287,1]},
{"frame":283,"values":[0.9978,-0.0143,-0.0644,0,0.0319,0.959,0.2816,0,-0.0577,0.2831,-0.9574,0,-2.2272,211.7844,-10.821,1]},
{"frame":284,"values":[0.9978,-0.0144,-0.0642,0,0.0318,0.9598,0.2789,0,-0.0576,0.2804,-0.9582,0,-2.1005,211.7144,-11.0288,1]},
{"frame":285,"values":[0.9979,-0.0145,-0.0635,0,0.0316,0.9603,0.2772,0,-0.057,0.2786,-0.9587,0,-1.9647,211.6272,-11.2414,1]},
{"frame":286,"values":[0.998,-0.0143,-0.0623,0,0.031,0.9605,0.2765,0,-0.0559,0.2778,-0.959,0,-1.8151,211.5309,-11.4447,1]},
{"frame":287,"values":[0.998,-0.0137,-0.0609,0,0.0301,0.9605,0.2768,0,-0.0547,0.2781,-0.959,0,-1.6551,211.4212,-11.6408,1]},
{"frame":288,"values":[0.9981,-0.013,-0.0601,0,0.0292,0.9601,0.2781,0,-0.0541,0.2793,-0.9587,0,-1.4992,211.2863,-11.8393,1]},
{"frame":289,"values":[0.9981,-0.0125,-0.0602,0,0.0289,0.9596,0.2799,0,-0.0543,0.2812,-0.9581,0,-1.3599,211.1184,-12.0363,1]},
{"frame":290,"values":[0.9981,-0.0123,-0.0611,0,0.0291,0.959,0.2818,0,-0.0551,0.283,-0.9575,0,-1.2375,210.9196,-12.2137,1]},
{"frame":291,"values":[0.998,-0.0123,-0.0621,0,0.0294,0.9587,0.2828,0,-0.056,0.284,-0.9572,0,-1.1226,210.6982,-12.3595,1]},
{"frame":292,"values":[0.998,-0.0124,-0.0623,0,0.0295,0.9589,0.2822,0,-0.0563,0.2835,-0.9573,0,-1.0091,210.4547,-12.4798,1]},
{"frame":293,"values":[0.998,-0.0127,-0.0616,0,0.0295,0.9597,0.2796,0,-0.0555,0.2809,-0.9581,0,-0.8978,210.1759,-12.591,1]},
{"frame":294,"values":[0.9981,-0.0134,-0.0597,0,0.0294,0.9609,0.2753,0,-0.0537,0.2765,-0.9595,0,-0.7927,209.831,-12.7064,1]},
{"frame":301,"values":[0.8746,0.0038,0.4849,0,0.0183,0.999,-0.0407,0,0.4846,-0.0444,-0.8736,0,-0.0914,216.2289,-9.8418,1]},
{"frame":302,"values":[0.8747,0.0036,0.4847,0,0.0182,0.999,-0.0403,0,0.4844,-0.0441,-0.8738,0,-0.0764,216.2297,-9.831,1]},
{"frame":303,"values":[0.8748,0.0035,0.4844,0,0.0181,0.999,-0.0399,0,0.4841,-0.0437,-0.8739,0,-0.0631,216.2302,-9.8206,1]},
{"frame":304,"values":[0.875,0.0034,0.4842,0,0.018,0.9991,-0.0395,0,0.4839,-0.0433,-0.8741,0,-0.0484,216.2306,-9.8103,1]},
{"frame":305,"values":[0.875,0.0032,0.484,0,0.0179,0.9991,-0.0391,0,0.4837,-0.0429,-0.8742,0,-0.0298,216.2323,-9.7994,1]},
{"frame":306,"values":[0.875,0.0032,0.484,0,0.0176,0.9991,-0.0384,0,0.4837,-0.0421,-0.8742,0,0.0009,216.2346,-9.7873,1]},
{"frame":307,"values":[0.875,0.0032,0.4841,0,0.0172,0.9991,-0.0376,0,0.4838,-0.0412,-0.8742,0,0.0394,216.2393,-9.776,1]},
{"frame":308,"values":[0.875,0.0033,0.4841,0,0.0167,0.9992,-0.037,0,0.4838,-0.0405,-0.8742,0,0.0848,216.2413,-9.7757,1]},
{"frame":309,"values":[0.8749,0.0036,0.4843,0,0.0162,0.9992,-0.0366,0,0.484,-0.0399,-0.8742,0,0.1386,216.2413,-9.7837,1]},
{"frame":310,"values":[0.8748,0.0039,0.4844,0,0.0157,0.9992,-0.0364,0,0.4842,-0.0394,-0.8741,0,0.1948,216.241,-9.7962,1]},
{"frame":311,"values":[0.8748,0.0042,0.4844,0,0.0153,0.9992,-0.0362,0,0.4842,-0.0391,-0.8741,0,0.2474,216.2395,-9.809,1]},
{"frame":312,"values":[0.8748,0.0043,0.4844,0,0.0151,0.9992,-0.036,0,0.4842,-0.0388,-0.8741,0,0.2955,216.2394,-9.8212,1]},
{"frame":313,"values":[0.8749,0.0043,0.4844,0,0.015,0.9992,-0.036,0,0.4842,-0.0387,-0.8741,0,0.3401,216.2386,-9.8364,1]},
{"frame":314,"values":[0.8749,0.0044,0.4843,0,0.015,0.9992,-0.0361,0,0.4841,-0.0388,-0.8741,0,0.38,216.2384,-9.8621,1]},
{"frame":315,"values":[0.8748,0.0044,0.4844,0,0.0151,0.9992,-0.0364,0,0.4842,-0.0392,-0.8741,0,0.4126,216.2382,-9.904,1]},
{"frame":316,"values":[0.8747,0.0045,0.4846,0,0.0153,0.9992,-0.0369,0,0.4844,-0.0397,-0.874,0,0.4442,216.2397,-9.9584,1]},
{"frame":317,"values":[0.8746,0.0046,0.4848,0,0.0155,0.9992,-0.0374,0,0.4845,-0.0403,-0.8738,0,0.4738,216.2409,-10.0214,1]},
{"frame":318,"values":[0.8745,0.0046,0.485,0,0.0158,0.9991,-0.0381,0,0.4847,-0.041,-0.8737,0,0.5024,216.2423,-10.091,1]},
{"frame":319,"values":[0.8744,0.0047,0.4852,0,0.0162,0.9991,-0.0388,0,0.485,-0.0418,-0.8735,0,0.5292,216.2437,-10.165,1]},
{"frame":320,"values":[0.8742,0.0048,0.4855,0,0.0166,0.9991,-0.0396,0,0.4852,-0.0426,-0.8734,0,0.5545,216.2459,-10.2426,1]},
{"frame":321,"values":[0.8741,0.0048,0.4858,0,0.017,0.999,-0.0404,0,0.4855,-0.0436,-0.8732,0,0.5776,216.2482,-10.3221,1]},
{"frame":322,"values":[0.8739,0.0049,0.4861,0,0.0174,0.999,-0.0412,0,0.4858,-0.0445,-0.8729,0,0.5979,216.2504,-10.4009,1]},
{"frame":323,"values":[0.8737,0.005,0.4864,0,0.0178,0.999,-0.0421,0,0.4861,-0.0454,-0.8727,0,0.6159,216.2523,-10.4774,1]},
{"frame":324,"values":[0.8735,0.0051,0.4868,0,0.0181,0.9989,-0.0429,0,0.4864,-0.0463,-0.8725,0,0.6309,216.2547,-10.55,1]},
{"frame":325,"values":[0.8733,0.0052,0.4871,0,0.0185,0.9989,-0.0438,0,0.4868,-0.0472,-0.8722,0,0.6431,216.2571,-10.6169,1]},
{"frame":326,"values":[0.8731,0.0053,0.4875,0,0.0188,0.9988,-0.0446,0,0.4872,-0.0481,-0.872,0,0.6523,216.2593,-10.6764,1]},
{"frame":327,"values":[0.8729,0.0055,0.4879,0,0.0191,0.9988,-0.0453,0,0.4875,-0.0489,-0.8717,0,0.6574,216.2609,-10.726,1]},
